10			//<1> 9
5
0 1 1 0 0
0 0 1 0 3
0 1 0 1 0
0 0 0 0 0
1 0 5 0 0
5			//<2> 8
0 0 1 1 0
0 0 1 0 2
0 0 0 1 0
0 1 0 0 0
1 0 5 0 0
6			//<3> 9
0 0 0 1 0 0
0 0 0 0 0 0
0 0 0 0 0 0
0 1 0 0 0 0
2 0 1 0 0 0
0 0 2 0 0 0
6			//<4> 7
0 0 0 0 0 0
0 0 0 0 0 0
0 0 0 0 0 0
0 0 0 0 0 0
1 0 0 0 0 0
0 0 0 2 0 4
7			//<5> 8
0 0 0 0 0 0 0
0 0 0 0 0 0 4
0 0 0 0 1 0 0
1 0 0 1 0 0 0
0 0 0 0 0 0 0
0 0 0 0 0 0 0
0 2 0 0 0 0 0
7			//<6> 8
0 0 0 0 0 0 0
7 0 0 0 0 0 0
0 0 0 0 0 0 0
0 0 0 0 0 0 0
0 0 0 0 0 0 0
2 0 0 0 0 1 0
0 0 0 0 0 0 0
8			//<7> 11
0 0 0 0 0 0 0 0
0 0 0 0 0 0 0 2
0 0 0 0 0 0 0 0
2 0 0 0 0 0 0 0
0 0 0 0 0 1 0 0
0 0 0 0 0 0 0 0
0 0 0 0 0 0 1 0
0 0 0 0 1 0 0 0
8			//<8> 11
3 0 0 0 0 0 5 0
0 0 0 0 0 0 0 0
1 0 0 0 0 0 0 0
0 0 0 0 0 0 0 0
1 0 1 1 0 0 0 0
0 0 0 0 0 0 1 0
0 0 0 0 0 0 0 0
0 0 0 0 0 0 0 0
9			//<9> 18
0 0 0 1 0 0 0 0 0
0 1 0 0 0 0 0 0 0
0 0 0 0 0 0 0 0 8
7 0 0 0 0 1 0 0 0
0 0 0 0 0 1 1 0 0
0 0 0 0 0 0 0 0 0
1 0 0 0 0 1 0 0 0
0 0 0 0 0 0 0 0 0
0 0 0 0 0 0 0 0 0
10			//<10> 12
0 0 0 0 0 0 0 0 0 0
0 0 0 0 1 0 0 0 0 0
0 0 1 0 0 0 0 0 0 0
0 0 0 0 0 0 0 0 0 0
0 0 0 0 0 0 0 0 0 0
3 0 1 0 1 0 0 0 0 2
1 1 0 0 1 0 1 0 0 0
0 0 0 0 0 0 0 0 0 0
0 0 0 0 0 0 0 0 0 0
0 0 0 0 0 0 0 0 0 0




#1 9
#2 8
#3 9
#4 7
#5 8
#6 8
#7 11
#8 11
#9 18
#10 12


